189,0,25,glb80
684,0,708,glb80
430,0,811,glb80
92,0,80,glb80
231,0,200,glb80
340,0,359,glb80
304,0,198,glb80
386,0,163,glb80
1205,0,911,glb80
446,0,2168,glb80
243,0,1058,glb80
337,0,215,glb80
153,0,558,glb80
501,0,581,glb80
43,0,39,glb80
25,189,270,glb80
708,684,103,glb80
811,430,915,glb80
80,92,996,glb80
200,231,186,glb80
359,340,2096,glb80
198,304,421,glb80
163,386,2432,glb80
911,1205,271,glb80
2168,446,471,glb80
1058,243,459,glb80
215,337,2518,glb80
558,153,2018,glb80
581,501,504,glb80
39,43,122,glb80
270,25,102,glb80
103,708,309,glb80
915,811,655,glb80
996,80,212,glb80
186,200,690,glb80
2096,359,0,glb80
421,198,0,glb80
2432,163,2908,glb80
271,911,510,glb80
471,2168,310,glb80
459,1058,206,glb80
2518,215,1626,glb80
2018,558,1790,glb80
504,581,253,glb80
122,39,266,glb80
102,270,38,glb80
309,103,118,glb80
655,915,195,glb80
212,996,189,glb80
690,186,0,glb80
0,2096,582,glb80
0,421,232,glb80
2908,2432,876,glb80
510,271,1495,glb80
310,471,2677,glb80
206,459,2607,glb80
1626,2518,20,glb80
1790,2018,121,glb80
253,504,466,glb80
266,122,210,glb80
38,102,0,glb80
118,309,140,glb80
195,655,674,glb80
189,212,194,glb80
0,690,373,glb80
582,0,1430,glb80
232,0,1023,glb80
876,2908,1443,glb80
1495,510,723,glb80
2677,310,5323,glb80
2607,206,1450,glb80
20,1626,379,glb80
121,1790,227,glb80
466,253,331,glb80
210,266,103,glb80
0,38,110,glb80
140,118,305,glb80
674,195,505,glb80
194,189,184,glb80
373,0,680,glb80
1430,582,0,glb80
1023,232,1258,glb80
1443,876,602,glb80
723,1495,43,glb80
5323,2677,682,glb80
1450,2607,393,glb80
379,20,1356,glb80
227,121,868,glb80
331,466,583,glb80
103,210,91,glb80
110,0,215,glb80
305,140,167,glb80
505,674,810,glb80
184,194,318,glb80
680,373,1084,glb80
0,1430,280,glb80
1258,1023,1436,glb80
602,1443,131,glb80
43,723,539,glb80
682,5323,443,glb80
393,1450,177,glb80
1356,379,355,glb80
868,227,211,glb80
583,331,314,glb80
91,103,0,glb80
215,110,80,glb80
167,305,139,glb80
810,505,312,glb80
318,184,672,glb80
1084,680,96,glb80
280,0,356,glb80
1436,1258,431,glb80
131,602,283,glb80
539,43,1104,glb80
443,682,428,glb80
177,393,302,glb80
355,1356,615,glb80
211,868,84,glb80
314,583,557,glb80
0,91,378,glb80
80,215,208,glb80
139,167,109,glb80
312,810,183,glb80
672,318,610,glb80
96,1084,112,glb80
356,280,64,glb80
431,1436,405,glb80
283,131,80,glb80
1104,539,470,glb80
428,443,246,glb80
302,177,281,glb80
615,355,1115,glb80
84,211,13,glb80
557,314,278,glb80
378,0,517,glb80
208,80,73,glb80
109,139,452,glb80
183,312,257,glb80
610,672,725,glb80
112,96,0,glb80
64,356,400,glb80
405,431,516,glb80
80,283,1340,glb80
470,1104,985,glb80
246,428,1141,glb80
281,302,1448,glb80
1115,615,494,glb80
13,84,336,glb80
278,557,1188,glb80
517,378,285,glb80
73,208,0,glb80
452,109,193,glb80
257,183,362,glb80
725,610,5607,glb80
0,112,1084,glb80
400,64,342,glb80
516,405,308,glb80
1340,80,508,glb80
985,470,730,glb80
1141,246,445,glb80
1448,281,148,glb80
494,1115,165,glb80
336,13,82,glb80
1188,278,538,glb80
285,517,137,glb80
0,73,23,glb80
193,452,240,glb80
362,257,3055,glb80
5607,725,3044,glb80
1084,0,70,glb80
342,400,171,glb80
308,516,1093,glb80
508,1340,645,glb80
730,985,306,glb80
445,1141,187,glb80
148,1448,211,glb80
165,494,1420,glb80
82,336,1784,glb80
538,1188,126,glb80
137,285,0,glb80
23,0,55,glb80
240,193,189,glb80
3055,362,720,glb80
3044,5607,0,glb80
70,1084,0,glb80
171,342,0,glb80
1093,308,75,glb80
645,508,166,glb80
306,730,305,glb80
187,445,87,glb80
211,148,286,glb80
1420,165,2442,glb80
1784,82,428,glb80
126,538,211,glb80
0,137,10,glb80
55,23,285,glb80
189,240,428,glb80
720,3055,1413,glb80
0,3044,2061,glb80
0,70,544,glb80
0,171,706,glb80
75,1093,606,glb80
166,645,970,glb80
305,306,457,glb80
87,187,377,glb80
286,211,1027,glb80
2442,1420,3362,glb80
428,1784,241,glb80
211,126,40,glb80
10,0,439,glb80
285,55,190,glb80
428,189,107,glb80
1413,720,656,glb80
2061,0,156,glb80
544,0,873,glb80
706,0,721,glb80
606,75,715,glb80
970,166,1666,glb80
457,305,2555,glb80
377,87,2276,glb80
1027,286,108,glb80
3362,2442,2035,glb80
241,428,4421,glb80
40,211,121,glb80
439,10,8,glb80
190,285,164,glb80
107,428,242,glb80
656,1413,1178,glb80
156,2061,289,glb80
873,544,389,glb80
721,706,197,glb80
715,606,175,glb80
1666,970,241,glb80
2555,457,221,glb80
2276,377,841,glb80
108,1027,351,glb80
2035,3362,1740,glb80
4421,241,514,glb80
121,40,76,glb80
8,439,340,glb80
164,190,178,glb80
242,107,436,glb80
1178,656,508,glb80
289,156,0,glb80
389,873,0,glb80
197,721,964,glb80
175,715,727,glb80
241,1666,145,glb80
221,2555,320,glb80
841,2276,92,glb80
351,108,1198,glb80
1740,2035,1709,glb80
514,4421,1367,glb80
76,121,138,glb80
340,8,220,glb80
178,164,15,glb80
436,242,57,glb80
508,1178,215,glb80
0,289,157,glb80
0,389,494,glb80
964,197,1256,glb80
727,175,3932,glb80
145,241,504,glb80
320,221,713,glb80
92,841,1190,glb80
1198,351,6217,glb80
1709,1740,719,glb80
1367,514,141,glb80
138,76,350,glb80
220,340,0,glb80
15,178,0,glb80
57,436,0,glb80
215,508,20,glb80
157,0,152,glb80
494,0,238,glb80
1256,964,347,glb80
3932,727,991,glb80
504,145,1600,glb80
713,320,1358,glb80
1190,92,5996,glb80
6217,1198,2757,glb80
719,1709,1146,glb80
141,1367,155,glb80
350,138,96,glb80
0,220,368,glb80
0,15,433,glb80
0,57,939,glb80
20,215,300,glb80
152,157,0,glb80
238,494,138,glb80
347,1256,68,glb80
991,3932,187,glb80
1600,504,284,glb80
1358,713,137,glb80
5996,1190,383,glb80
2757,6217,575,glb80
1146,719,1845,glb80
155,141,503,glb80
96,350,79,glb80
368,0,162,glb80
433,0,60,glb80
939,0,699,glb80
300,20,47,glb80
0,152,1114,glb80
138,238,713,glb80
68,347,181,glb80
187,991,214,glb80
284,1600,147,glb80
137,1358,281,glb80
383,5996,290,glb80
575,2757,519,glb80
1845,1146,5118,glb80
503,155,3613,glb80
79,96,159,glb80
162,368,75,glb80
60,433,301,glb80
699,939,353,glb80
47,300,564,glb80
1114,0,130,glb80
713,138,129,glb80
181,68,487,glb80
214,187,447,glb80
147,284,673,glb80
281,137,1130,glb80
290,383,366,glb80
519,575,240,glb80
5118,1845,448,glb80
3613,503,2763,glb80
159,79,345,glb80
75,162,277,glb80
301,60,124,glb80
353,699,600,glb80
564,47,721,glb80
130,1114,171,glb80
129,713,107,glb80
487,181,532,glb80
447,214,855,glb80
673,147,473,glb80
1130,281,656,glb80
366,290,273,glb80
240,519,202,glb80
448,5118,705,glb80
2763,3613,617,glb80
345,159,455,glb80
277,75,117,glb80
124,301,184,glb80
600,353,185,glb80
721,564,595,glb80
171,130,0,glb80
107,129,0,glb80
532,487,0,glb80
855,447,325,glb80
473,673,290,glb80
656,1130,305,glb80
273,366,201,glb80
202,240,552,glb80
705,448,137,glb80
617,2763,546,glb80
455,345,4,glb80
117,277,28,glb80
184,124,0,glb80
185,600,0,glb80
595,721,0,glb80
0,171,0,glb80
0,107,0,glb80
0,532,0,glb80
325,855,0,glb80
290,473,0,glb80
305,656,0,glb80
201,273,0,glb80
552,202,0,glb80
137,705,0,glb80
546,617,0,glb80
4,455,0,glb80
28,117,0,glb80
0,184,0,glb80
0,185,0,glb80
0,595,0,glb80
0,0,0,glb80
0,0,0,glb80
0,0,0,glb80
0,325,0,glb80
0,290,0,glb80
0,305,0,glb80
0,201,0,glb80
0,552,0,glb80
0,137,0,glb80
0,546,0,glb80
0,4,0,glb80
0,28,0,glb80
0,0,0,glb80
0,0,0,glb80
0,0,0,glb80
0,0,0,glb80
0,0,0,glb80
0,0,0,glb80
0,0,0,glb80
0,0,0,glb80
0,0,0,glb80
0,0,0,glb80
0,0,0,glb80
0,0,1336,glb80
0,0,615,glb80
0,0,293,glb80
0,0,93,glb80
0,0,384,glb80
0,0,315,glb80
0,0,164,glb80
0,0,1172,glb80
0,0,612,glb80
0,0,233,glb80
0,0,3236,glb80
0,0,197,glb80
0,0,219,glb80
0,0,1210,glb80
0,0,496,glb80
1336,0,2207,glb80
615,0,1672,glb80
293,0,501,glb80
93,0,280,glb80
384,0,128,glb80
315,0,340,glb80
164,0,624,glb80
1172,0,69,glb80
612,0,60,glb80
233,0,157,glb80
3236,0,207,glb80
197,0,611,glb80
219,0,256,glb80
1210,0,329,glb80
496,0,271,glb80
2207,1336,715,glb80
1672,615,530,glb80
501,293,263,glb80
280,93,863,glb80
128,384,0,glb80
340,315,0,glb80
624,164,686,glb80
69,1172,149,glb80
60,612,138,glb80
157,233,797,glb80
207,3236,29,glb80
611,197,327,glb80
256,219,298,glb80
329,1210,348,glb80
271,496,609,glb80
715,2207,670,glb80
530,1672,2932,glb80
263,501,3899,glb80
863,280,66,glb80
0,128,0,glb80
0,340,0,glb80
686,624,0,glb80
149,69,0,glb80
138,60,0,glb80
797,157,0,glb80
29,207,0,glb80
327,611,0,glb80
298,256,0,glb80
348,329,0,glb80
609,271,0,glb80
670,715,0,glb80
2932,530,0,glb80
3899,263,0,glb80
66,863,0,glb80
0,0,0,glb70
0,0,0,glb70
0,0,0,glb70
0,0,0,glb70
0,0,0,glb70
0,0,0,glb70
0,0,0,glb70
0,0,0,glb70
0,0,0,glb70
0,0,0,glb70
0,0,0,glb70
0,0,0,glb70
0,0,0,glb70
0,0,0,glb70
0,0,0,glb70
0,0,0,glb70
0,0,0,glb70
0,0,57,glb70
0,0,19,glb70
0,0,0,glb70
0,0,0,glb70
0,0,0,glb70
0,0,516,glb70
0,0,1788,glb70
0,0,1227,glb70
0,0,8,glb70
0,0,52,glb70
0,0,26,glb70
0,0,13,glb70
0,0,37,glb70
0,0,1840,glb70
0,0,4454,glb70
57,0,775,glb70
19,0,54,glb70
0,0,28,glb70
0,0,66,glb70
0,0,103,glb70
516,0,8,glb70
1788,0,42,glb70
1227,0,6,glb70
8,0,25,glb70
52,0,27,glb70
26,0,56,glb70
13,0,24,glb70
37,0,0,glb70
1840,0,1963,glb70
4454,0,3873,glb70
775,57,651,glb70
54,19,0,glb70
28,0,104,glb70
66,0,127,glb70
103,0,38,glb70
8,516,612,glb70
42,1788,516,glb70
6,1227,197,glb70
25,8,46,glb70
27,52,318,glb70
56,26,135,glb70
24,13,269,glb70
0,37,55,glb70
1963,1840,11,glb70
3873,4454,117,glb70
651,775,72,glb70
0,54,9,glb70
104,28,163,glb70
127,66,0,glb70
38,103,33,glb70
612,8,0,glb70
516,42,7,glb70
197,6,184,glb70
46,25,0,glb70
318,27,0,glb70
135,56,0,glb70
269,24,50,glb70
55,0,6,glb70
11,1963,189,glb70
117,3873,116,glb70
72,651,229,glb70
9,0,226,glb70
163,104,3715,glb70
0,127,3668,glb70
33,38,0,glb70
0,612,28,glb70
7,516,23,glb70
184,197,57,glb70
0,46,37,glb70
0,318,115,glb70
0,135,48,glb70
50,269,19,glb70
6,55,13,glb70
189,11,1963,glb70
116,117,3864,glb70
229,72,232,glb70
226,9,50,glb70
3715,163,59,glb70
3668,0,168,glb70
0,33,1396,glb70
28,0,8,glb70
23,7,7,glb70
57,184,26,glb70
37,0,52,glb70
115,0,20,glb70
48,0,22,glb70
19,50,13,glb70
13,6,42,glb70
1963,189,1988,glb70
3864,116,2335,glb70
232,229,48,glb70
50,226,207,glb70
59,3715,35,glb70
168,3668,356,glb70
1396,0,423,glb70
8,28,149,glb70
7,23,140,glb70
26,57,42,glb70
52,37,72,glb70
20,115,8,glb70
22,48,35,glb70
13,19,26,glb70
42,13,0,glb70
1988,1963,144,glb70
2335,3864,237,glb70
48,232,82,glb70
207,50,486,glb70
35,59,924,glb70
356,168,114,glb70
423,1396,144,glb70
149,8,246,glb70
140,7,72,glb70
42,26,113,glb70
72,52,61,glb70
8,20,453,glb70
35,22,50,glb70
26,13,459,glb70
0,42,137,glb70
144,1988,1461,glb70
237,2335,4400,glb70
82,48,1666,glb70
486,207,31,glb70
924,35,21,glb70
114,356,290,glb70
144,423,0,glb70
246,149,15,glb70
72,140,188,glb70
113,42,162,glb70
61,72,0,glb70
453,8,62,glb70
50,35,0,glb70
459,26,27,glb70
137,0,29,glb70
1461,144,2145,glb70
4400,237,2024,glb70
1666,82,33,glb70
31,486,50,glb70
21,924,976,glb70
290,114,110,glb70
0,144,434,glb70
15,246,0,glb70
188,72,33,glb70
162,113,98,glb70
0,61,112,glb70
62,453,55,glb70
0,50,55,glb70
27,459,224,glb70
29,137,73,glb70
2145,1461,46,glb70
2024,4400,64,glb70
33,1666,1600,glb70
50,31,130,glb70
976,21,167,glb70
110,290,167,glb70
434,0,180,glb70
0,15,6,glb70
33,188,198,glb70
98,162,20,glb70
112,0,11,glb70
55,62,149,glb70
55,0,396,glb70
224,27,158,glb70
73,29,17,glb70
46,2145,22,glb70
64,2024,69,glb70
1600,33,261,glb70
130,50,35,glb70
167,976,266,glb70
167,110,1,glb70
180,434,162,glb70
6,0,268,glb70
198,33,0,glb70
20,98,220,glb70
11,112,91,glb70
149,55,90,glb70
396,55,175,glb70
158,224,0,glb70
17,73,19,glb70
22,46,2387,glb70
69,64,1792,glb70
261,1600,232,glb70
35,130,60,glb70
266,167,478,glb70
1,167,458,glb70
162,180,0,glb70
268,6,89,glb70
0,198,0,glb70
220,20,32,glb70
91,11,25,glb70
90,149,69,glb70
175,396,4,glb70
0,158,24,glb70
19,17,0,glb70
2387,22,1351,glb70
1792,69,3277,glb70
232,261,386,glb70
60,35,528,glb70
478,266,393,glb70
458,1,193,glb70
0,162,355,glb70
89,268,429,glb70
0,0,129,glb70
32,220,279,glb70
25,91,0,glb70
69,90,53,glb70
4,175,20,glb70
24,0,9,glb70
0,19,29,glb70
1351,2387,73,glb70
3277,1792,147,glb70
386,232,237,glb70
528,60,139,glb70
393,478,0,glb70
193,458,0,glb70
355,0,0,glb70
429,89,492,glb70
129,0,244,glb70
279,32,0,glb70
0,25,40,glb70
53,69,61,glb70
20,4,38,glb70
9,24,88,glb70
29,0,4,glb70
73,1351,1100,glb70
147,3277,5800,glb70
237,386,765,glb70
139,528,44,glb70
0,393,190,glb70
0,193,618,glb70
0,355,0,glb70
492,429,126,glb70
244,129,92,glb70
0,279,0,glb70
40,0,102,glb70
61,53,10,glb70
38,20,16,glb70
88,9,0,glb70
4,29,0,glb70
1100,73,1751,glb70
5800,147,2469,glb70
765,237,46,glb70
44,139,0,glb70
190,0,1630,glb70
618,0,0,glb70
0,0,0,glb70
126,492,59,glb70
92,244,0,glb70
0,0,131,glb70
102,40,32,glb70
10,61,66,glb70
16,38,12,glb70
0,88,7,glb70
0,4,78,glb70
1751,1100,94,glb70
2469,5800,175,glb70
46,765,213,glb70
0,44,40,glb70
1630,190,131,glb70
0,618,241,glb70
0,0,0,glb70
59,126,22,glb70
0,92,70,glb70
131,0,79,glb70
32,102,78,glb70
66,10,10,glb70
12,16,138,glb70
7,0,20,glb70
78,0,42,glb70
94,1751,0,glb70
175,2469,143,glb70
213,46,54,glb70
40,0,316,glb70
131,1630,53,glb70
241,0,33,glb70
0,0,91,glb70
22,59,77,glb70
70,0,343,glb70
79,131,17,glb70
78,32,0,glb70
10,66,142,glb70
138,12,274,glb70
20,7,4,glb70
42,78,0,glb70
0,94,2188,glb70
143,175,4971,glb70
54,213,151,glb70
316,40,0,glb70
53,131,132,glb70
33,241,303,glb70
91,0,74,glb70
77,22,10,glb70
343,70,18,glb70
17,79,70,glb70
0,78,180,glb70
142,10,405,glb70
274,138,371,glb70
4,20,102,glb70
0,42,22,glb70
2188,0,1898,glb70
4971,143,3569,glb70
151,54,24,glb70
0,316,190,glb70
132,53,104,glb70
303,33,388,glb70
74,91,98,glb70
10,77,217,glb70
18,343,49,glb70
70,17,209,glb70
180,0,16,glb70
405,142,21,glb70
371,274,10,glb70
102,4,76,glb70
22,0,0,glb70
1898,2188,0,glb70
3569,4971,0,glb70
24,151,22,glb70
190,0,0,glb70
104,132,2120,glb70
388,303,9,glb70
98,74,44,glb70
217,10,299,glb70
49,18,49,glb70
209,70,42,glb70
16,180,14,glb70
21,405,19,glb70
10,371,21,glb70
76,102,7,glb70
0,22,23,glb70
0,1898,1072,glb70
0,3569,6159,glb70
22,24,855,glb70
0,190,247,glb70
2120,104,743,glb70
9,388,14,glb70
44,98,15,glb70
299,217,8,glb70
49,49,173,glb70
42,209,254,glb70
14,16,21,glb70
19,21,17,glb70
21,10,57,glb70
7,76,20,glb70
23,0,7,glb70
1072,0,2791,glb70
6159,0,3263,glb70
855,22,139,glb70
247,0,253,glb70
743,2120,575,glb70
14,9,0,glb70
15,44,433,glb70
8,299,64,glb70
173,49,24,glb70
254,42,58,glb70
21,14,183,glb70
17,19,49,glb70
57,21,0,glb70
20,7,44,glb70
7,23,65,glb70
2791,1072,363,glb70
3263,6159,95,glb70
139,855,59,glb70
253,247,40,glb70
575,743,14,glb70
0,14,817,glb70
433,15,532,glb70
64,8,286,glb70
24,173,0,glb70
58,254,20,glb70
183,21,70,glb70
49,17,9,glb70
0,57,12,glb70
44,20,100,glb70
65,7,14,glb70
363,2791,71,glb70
95,3263,156,glb70
59,139,177,glb70
40,253,8,glb70
14,575,180,glb70
817,0,223,glb70
532,433,675,glb70
286,64,60,glb70
0,24,24,glb70
20,58,22,glb70
70,183,40,glb70
9,49,96,glb70
12,0,0,glb70
100,44,205,glb70
14,65,0,glb70
71,363,1908,glb70
156,95,2953,glb70
177,59,121,glb70
8,40,156,glb70
180,14,160,glb70
223,817,332,glb70
675,532,158,glb70
60,286,45,glb70
24,0,0,glb70
22,20,158,glb70
40,70,139,glb70
96,9,482,glb70
0,12,383,glb70
205,100,663,glb70
0,14,0,glb70
1908,71,0,glb70
2953,156,0,glb70
121,177,0,glb70
156,8,0,glb70
160,180,0,glb70
332,223,0,glb70
158,675,0,glb70
45,60,0,glb70
0,24,0,glb70
158,22,0,glb70
139,40,0,glb70
482,96,0,glb70
383,0,0,glb70
663,205,0,glb70
0,0,0,glb70
1836,0,219,glb70
4357,0,571,glb70
207,0,116,glb70
73,0,2560,glb70
92,0,1790,glb70
122,0,14,glb70
521,0,72,glb70
282,0,483,glb70
444,0,55,glb70
614,0,83,glb70
0,0,424,glb70
266,0,23,glb70
274,0,38,glb70
31,0,32,glb70
96,0,47,glb70
219,1836,1833,glb70
571,4357,5483,glb70
116,207,441,glb70
2560,73,16,glb70
1790,92,164,glb70
14,122,222,glb70
72,521,395,glb70
483,282,79,glb70
55,444,33,glb70
83,614,479,glb70
424,0,76,glb70
23,266,42,glb70
38,274,11,glb70
32,31,53,glb70
47,96,11,glb70
1833,219,2216,glb70
5483,571,3688,glb70
441,116,85,glb70
16,2560,759,glb70
164,1790,520,glb70
222,14,19,glb70
395,72,34,glb70
79,483,122,glb70
33,55,52,glb70
479,83,139,glb70
76,424,587,glb70
42,23,748,glb70
11,38,424,glb70
53,32,95,glb70
11,47,44,glb70
2216,1833,41,glb70
3688,5483,0,glb70
85,441,20,glb70
759,16,74,glb70
520,164,72,glb70
19,222,804,glb70
34,395,969,glb70
122,79,33,glb70
52,33,12,glb70
139,479,125,glb70
587,76,5,glb70
748,42,73,glb70
424,11,13,glb70
95,53,97,glb70
44,11,0,glb70
41,2216,57,glb70
0,3688,234,glb70
20,85,224,glb70
74,759,861,glb70
72,520,549,glb70
804,19,0,glb70
969,34,94,glb70
33,122,73,glb70
12,52,30,glb70
125,139,35,glb70
5,587,31,glb70
73,748,76,glb70
13,424,28,glb70
97,95,132,glb70
0,44,0,glb70
57,41,2248,glb70
234,0,3220,glb70
224,20,141,glb70
861,74,0,glb70
549,72,137,glb70
0,804,95,glb70
94,969,14,glb70
73,33,35,glb70
30,12,8,glb70
35,125,164,glb70
31,5,149,glb70
76,73,549,glb70
28,13,566,glb70
132,97,412,glb70
0,0,35,glb70
2248,57,2089,glb70
3220,234,1279,glb70
141,224,222,glb70
0,861,13,glb70
137,549,311,glb70
95,0,426,glb70
14,94,1983,glb70
35,73,26,glb70
8,30,327,glb70
164,35,18,glb70
149,31,0,glb70
549,76,70,glb70
566,28,42,glb70
412,132,25,glb70
35,0,44,glb70
2089,2248,150,glb70
1279,3220,232,glb70
222,141,78,glb70
13,0,132,glb70
311,137,200,glb70
426,95,0,glb70
1983,14,186,glb70
26,35,0,glb70
327,8,134,glb70
18,164,13,glb70
0,149,220,glb70
70,549,60,glb70
42,566,16,glb70
25,412,104,glb70
44,35,107,glb70
150,2089,2197,glb70
232,1279,5178,glb70
78,222,227,glb70
132,13,10,glb70
200,311,373,glb70
0,426,30,glb70
186,1983,18,glb70
0,26,430,glb70
134,327,0,glb70
13,18,214,glb70
220,0,55,glb70
60,70,12,glb70
16,42,6,glb70
104,25,31,glb70
107,44,0,glb70
2197,150,1933,glb70
5178,232,3861,glb70
227,78,369,glb70
10,132,72,glb70
373,200,128,glb70
30,0,559,glb70
18,186,322,glb70
430,0,112,glb70
0,134,970,glb70
214,13,400,glb70
55,220,115,glb70
12,60,72,glb70
6,16,13,glb70
31,104,50,glb70
0,107,110,glb70
1933,2197,61,glb70
3861,5178,110,glb70
369,227,136,glb70
72,10,139,glb70
128,373,78,glb70
559,30,0,glb70
322,18,12,glb70
112,430,249,glb70
970,0,426,glb70
400,214,0,glb70
115,55,28,glb70
72,12,44,glb70
13,6,62,glb70
50,31,0,glb70
110,0,34,glb70
61,1933,56,glb70
110,3861,196,glb70
136,369,101,glb70
139,72,903,glb70
78,128,503,glb70
0,559,0,glb70
12,322,10,glb70
249,112,48,glb70
426,970,46,glb70
0,400,51,glb70
28,115,0,glb70
44,72,64,glb70
62,13,15,glb70
0,50,18,glb70
34,110,0,glb70
56,61,1617,glb70
196,110,3603,glb70
101,136,29,glb70
903,139,248,glb70
503,78,34,glb70
0,0,455,glb70
10,12,501,glb70
48,249,213,glb70
46,426,111,glb70
51,0,399,glb70
0,28,97,glb70
64,44,546,glb70
15,62,736,glb70
18,0,0,glb70
0,34,31,glb70
1617,56,1616,glb70
3603,196,4740,glb70
29,101,172,glb70
248,903,25,glb70
34,503,282,glb70
455,0,301,glb70
501,10,538,glb70
213,48,367,glb70
111,46,49,glb70
399,51,648,glb70
97,0,121,glb70
546,64,83,glb70
736,15,0,glb70
0,18,40,glb70
31,0,32,glb70
1616,1617,173,glb70
4740,3603,4,glb70
172,29,7,glb70
25,248,229,glb70
282,34,222,glb70
301,455,4298,glb70
538,501,2272,glb70
367,213,24,glb70
49,111,0,glb70
648,399,0,glb70
121,97,23,glb70
83,546,15,glb70
0,736,23,glb70
40,0,82,glb70
32,31,0,glb70
173,1616,303,glb70
4,4740,4173,glb70
7,172,504,glb70
229,25,46,glb70
222,282,434,glb70
4298,301,73,glb70
2272,538,15,glb70
24,367,425,glb70
0,49,224,glb70
0,648,139,glb70
23,121,0,glb70
15,83,122,glb70
23,0,119,glb70
82,40,126,glb70
0,32,248,glb70
303,173,1705,glb70
4173,4,3483,glb70
504,7,514,glb70
46,229,7,glb70
434,222,0,glb70
73,4298,795,glb70
15,2272,919,glb70
425,24,4,glb70
224,0,29,glb70
139,0,73,glb70
0,23,22,glb70
122,15,29,glb70
119,23,11,glb70
126,82,49,glb70
248,0,5,glb70
1705,303,60,glb70
3483,4173,157,glb70
514,504,16,glb70
7,46,128,glb70
0,434,365,glb70
795,73,4334,glb70
919,15,3145,glb70
4,425,77,glb70
29,224,46,glb70
73,139,49,glb70
22,0,77,glb70
29,122,29,glb70
11,119,38,glb70
49,126,18,glb70
5,248,18,glb70
60,1705,168,glb70
157,3483,68,glb70
16,514,24,glb70
128,7,55,glb70
365,0,106,glb70
4334,795,718,glb70
3145,919,147,glb70
77,4,186,glb70
46,29,143,glb70
49,73,136,glb70
77,22,324,glb70
29,29,40,glb70
38,11,47,glb70
18,49,68,glb70
18,5,30,glb70
168,60,2485,glb70
68,157,3537,glb70
24,16,201,glb70
55,128,94,glb70
106,365,0,glb70
718,4334,280,glb70
147,3145,449,glb70
186,77,78,glb70
143,46,0,glb70
136,49,144,glb70
324,77,180,glb70
40,29,470,glb70
47,38,498,glb70
68,18,100,glb70
30,18,39,glb70
2485,168,1466,glb70
3537,68,5743,glb70
201,24,1055,glb70
94,55,253,glb70
0,106,174,glb70
280,718,144,glb70
449,147,27,glb70
78,186,25,glb70
0,143,42,glb70
144,136,145,glb70
180,324,50,glb70
470,40,27,glb70
498,47,31,glb70
100,68,70,glb70
39,30,0,glb70
1466,2485,153,glb70
5743,3537,47,glb70
1055,201,2936,glb70
253,94,4847,glb70
174,0,557,glb70
144,280,884,glb70
27,449,75,glb70
25,78,14,glb70
42,0,4,glb70
145,144,88,glb70
50,180,250,glb70
27,470,0,glb70
31,498,123,glb70
70,100,39,glb70
0,39,11,glb70
153,1466,996,glb70
47,5743,5442,glb70
2936,1055,289,glb70
4847,253,99,glb70
557,174,0,glb70
884,144,132,glb70
75,27,63,glb70
14,25,787,glb70
4,42,0,glb70
88,145,122,glb70
250,50,161,glb70
0,27,29,glb70
123,31,0,glb70
39,70,10,glb70
11,0,28,glb70
996,153,3114,glb70
5442,47,4296,glb70
289,2936,396,glb70
99,4847,4,glb70
0,557,274,glb70
132,884,47,glb70
63,75,12,glb70
787,14,112,glb70
0,4,18,glb70
122,88,64,glb70
161,250,0,glb70
29,0,32,glb70
0,123,24,glb70
10,39,0,glb70
28,11,0,glb70
3114,996,113,glb70
4296,5442,143,glb70
396,289,1004,glb70
4,99,225,glb70
274,0,40,glb70
47,132,506,glb70
12,63,7,glb70
112,787,5,glb70
18,0,0,glb70
64,122,0,glb70
0,161,13,glb70
32,29,21,glb70
24,0,0,glb70
0,10,25,glb70
0,28,7,glb70
113,3114,88,glb70
143,4296,94,glb70
1004,396,0,glb70
225,4,1108,glb70
40,274,167,glb70
506,47,113,glb70
7,12,52,glb70
5,112,211,glb70
0,18,0,glb70
0,64,12,glb70
13,0,40,glb70
21,32,133,glb70
0,24,39,glb70
25,0,42,glb70
7,0,74,glb70
88,113,1997,glb70
94,143,1759,glb70
0,1004,43,glb70
1108,225,0,glb70
167,40,59,glb70
113,506,42,glb70
52,7,237,glb70
211,5,3343,glb70
0,0,7,glb70
12,0,76,glb70
40,13,186,glb70
133,21,220,glb70
39,0,404,glb70
42,25,69,glb70
74,7,26,glb70
1997,88,66,glb70
1759,94,4166,glb70
43,0,724,glb70
0,1108,130,glb70
59,167,151,glb70
42,113,402,glb70
237,52,90,glb70
3343,211,47,glb70
7,0,398,glb70
76,12,53,glb70
186,40,67,glb70
220,133,65,glb70
404,39,38,glb70
69,42,22,glb70
26,74,17,glb70
66,1997,243,glb70
4166,1759,488,glb70
724,43,784,glb70
130,0,276,glb70
151,59,455,glb70
402,42,116,glb70
90,237,155,glb70
47,3343,9,glb70
398,7,2511,glb70
53,76,787,glb70
67,186,139,glb70
65,220,339,glb70
38,404,53,glb70
22,69,130,glb70
17,26,12,glb70
243,66,145,glb70
488,4166,3108,glb70
784,724,5060,glb70
276,130,467,glb70
455,151,543,glb70
116,402,495,glb70
155,90,463,glb70
9,47,44,glb70
2511,398,305,glb70
787,53,66,glb70
139,67,132,glb70
339,65,0,glb70
53,38,52,glb70
130,22,49,glb70
12,17,0,glb70
145,243,0,glb70
3108,488,0,glb70
5060,784,0,glb70
467,276,0,glb70
543,455,0,glb70
495,116,0,glb70
463,155,0,glb70
44,9,0,glb70
305,2511,0,glb70
66,787,0,glb70
132,139,0,glb70
0,339,0,glb70
52,53,0,glb70
49,130,0,glb70
0,12,0,glb70
0,0,169,glb80
328,0,145,glb80
471,0,417,glb80
120,0,106,glb80
421,0,308,glb80
583,0,826,glb80
243,0,923,glb80
406,0,192,glb80
1243,0,82,glb80
239,0,109,glb80
179,0,616,glb80
582,0,832,glb80
202,0,603,glb80
564,0,189,glb80
0,0,169,glb80
169,0,26,glb80
145,328,12,glb80
417,471,0,glb80
106,120,0,glb80
308,421,0,glb80
826,583,0,glb80
923,243,0,glb80
192,406,0,glb80
82,1243,0,glb80
109,239,0,glb80
616,179,0,glb80
832,582,0,glb80
603,202,0,glb80
189,564,0,glb80
169,0,0,glb80
26,169,0,glb80
12,145,0,glb80
0,417,0,glb80
0,106,0,glb80
0,308,0,glb80
0,826,0,glb80
0,923,0,glb80
0,192,0,glb80
0,82,0,glb80
0,109,0,glb80
0,616,0,glb80
0,832,0,glb80
0,603,0,glb80
0,189,0,glb80
0,169,0,glb80
0,26,0,glb80
0,12,0,glb80
0,0,0,glb80
0,0,0,glb80
0,0,0,glb80
0,0,0,glb80
0,0,0,glb80
0,0,0,glb80
0,0,0,glb80
0,0,0,glb80
0,0,0,glb80
0,0,0,glb80
0,0,0,glb80
0,0,0,glb80
0,0,0,glb80
0,0,0,glb80
0,0,6,glb80
0,0,6,glb80
0,0,131,glb80
0,0,43,glb80
0,0,32,glb80
0,0,95,glb80
0,0,907,glb80
0,0,692,glb80
0,0,1284,glb80
0,0,44,glb80
0,0,767,glb80
0,0,209,glb80
0,0,240,glb80
0,0,107,glb80
0,0,0,glb80
6,0,216,glb80
6,0,79,glb80
131,0,268,glb80
43,0,637,glb80
32,0,842,glb80
95,0,392,glb80
907,0,458,glb80
692,0,321,glb80
1284,0,293,glb80
44,0,1092,glb80
767,0,781,glb80
209,0,243,glb80
240,0,35,glb80
107,0,56,glb80
0,0,0,glb80
216,6,0,glb80
79,6,0,glb80
268,131,51,glb80
637,43,0,glb80
842,32,0,glb80
392,95,0,glb80
458,907,0,glb80
321,692,10,glb80
293,1284,39,glb80
1092,44,0,glb80
781,767,71,glb80
243,209,163,glb80
35,240,87,glb80
56,107,38,glb80
0,0,261,glb80
0,216,817,glb80
0,79,614,glb80
51,268,171,glb80
0,637,242,glb80
0,842,149,glb80
0,392,252,glb80
0,458,1138,glb80
10,321,1298,glb80
39,293,101,glb80
0,1092,603,glb80
71,781,287,glb80
163,243,136,glb80
87,35,339,glb80
38,56,50,glb80
261,0,214,glb80
817,0,285,glb80
614,0,487,glb80
171,51,63,glb80
242,0,378,glb80
149,0,263,glb80
252,0,76,glb80
1138,0,523,glb80
1298,10,93,glb80
101,39,208,glb80
603,0,491,glb80
287,71,996,glb80
136,163,354,glb80
339,87,752,glb80
50,38,929,glb80
214,261,266,glb80
285,817,358,glb80
487,614,131,glb80
63,171,0,glb80
378,242,120,glb80
263,149,101,glb80
76,252,316,glb80
523,1138,522,glb80
93,1298,845,glb80
208,101,160,glb80
491,603,12,glb80
996,287,367,glb80
354,136,90,glb80
752,339,63,glb80
929,50,442,glb80
266,214,0,glb80
358,285,235,glb80
131,487,650,glb80
0,63,210,glb80
120,378,391,glb80
101,263,501,glb80
316,76,728,glb80
522,523,246,glb80
845,93,334,glb80
160,208,516,glb80
12,491,777,glb80
367,996,524,glb80
90,354,17,glb80
63,752,54,glb80
442,929,36,glb80
0,266,0,glb80
235,358,22,glb80
650,131,105,glb80
210,0,90,glb80
391,120,518,glb80
501,101,693,glb80
728,316,239,glb80
246,522,607,glb80
334,845,1111,glb80
516,160,1126,glb80
777,12,10,glb80
524,367,509,glb80
17,90,82,glb80
54,63,217,glb80
36,442,280,glb80
0,0,0,glb80
22,235,9,glb80
105,650,139,glb80
90,210,141,glb80
518,391,914,glb80
693,501,47,glb80
239,728,379,glb80
607,246,480,glb80
1111,334,473,glb80
1126,516,0,glb80
10,777,0,glb80
509,524,0,glb80
82,17,0,glb80
217,54,43,glb80
280,36,246,glb80
0,0,0,glb80
9,22,0,glb80
139,105,651,glb80
141,90,271,glb80
914,518,213,glb80
47,693,567,glb80
379,239,281,glb80
480,607,802,glb80
473,1111,42,glb80
0,1126,286,glb80
0,10,123,glb80
0,509,455,glb80
0,82,261,glb80
43,217,86,glb80
246,280,13,glb80
0,0,819,glb80
0,9,207,glb80
651,139,266,glb80
271,141,306,glb80
213,914,425,glb80
567,47,166,glb80
281,379,635,glb80
802,480,620,glb80
42,473,175,glb80
286,0,150,glb80
123,0,940,glb80
455,0,834,glb80
261,0,161,glb80
86,43,179,glb80
13,246,65,glb80
819,0,35,glb80
207,0,0,glb80
266,651,781,glb80
306,271,177,glb80
425,213,178,glb80
166,567,90,glb80
635,281,425,glb80
620,802,497,glb80
175,42,69,glb80
150,286,1433,glb80
940,123,168,glb80
834,455,711,glb80
161,261,194,glb80
179,86,576,glb80
65,13,8,glb80
35,819,85,glb80
0,207,92,glb80
781,266,891,glb80
177,306,10,glb80
178,425,210,glb80
90,166,40,glb80
425,635,154,glb80
497,620,244,glb80
69,175,668,glb80
1433,150,237,glb80
168,940,310,glb80
711,834,719,glb80
194,161,101,glb80
576,179,1350,glb80
8,65,911,glb80
85,35,0,glb80
92,0,0,glb80
891,781,535,glb80
10,177,269,glb80
210,178,660,glb80
40,90,735,glb80
154,425,435,glb80
244,497,564,glb80
668,69,1686,glb80
237,1433,376,glb80
310,168,1172,glb80
719,711,311,glb80
101,194,216,glb80
1350,576,458,glb80
911,8,497,glb80
0,85,185,glb80
0,92,59,glb80
535,891,69,glb80
269,10,627,glb80
660,210,637,glb80
735,40,298,glb80
435,154,785,glb80
564,244,388,glb80
1686,668,927,glb80
376,237,550,glb80
1172,310,230,glb80
311,719,0,glb80
216,101,0,glb80
458,1350,0,glb80
497,911,21,glb80
185,0,182,glb80
59,0,84,glb80
69,535,199,glb80
627,269,104,glb80
637,660,58,glb80
298,735,1169,glb80
785,435,382,glb80
388,564,804,glb80
927,1686,970,glb80
550,376,177,glb80
230,1172,530,glb80
0,311,338,glb80
0,216,759,glb80
0,458,558,glb80
21,497,12,glb80
182,185,244,glb80
84,59,74,glb80
199,69,292,glb80
104,627,0,glb80
58,637,0,glb80
1169,298,0,glb80
382,785,0,glb80
804,388,0,glb80
970,927,988,glb80
177,550,597,glb80
530,230,404,glb80
338,0,485,glb80
759,0,330,glb80
558,0,32,glb80
12,21,303,glb80
244,182,9,glb80
74,84,0,glb80
292,199,441,glb80
0,104,471,glb80
0,58,866,glb80
0,1169,113,glb80
0,382,518,glb80
0,804,661,glb80
988,970,0,glb80
597,177,78,glb80
404,530,2473,glb80
485,338,1498,glb80
330,759,264,glb80
32,558,682,glb80
303,12,174,glb80
9,244,40,glb80
0,74,137,glb80
441,292,760,glb80
471,0,164,glb80
866,0,111,glb80
113,0,913,glb80
518,0,66,glb80
661,0,499,glb80
0,988,81,glb80
78,597,511,glb80
2473,404,22,glb80
1498,485,1299,glb80
264,330,322,glb80
682,32,797,glb80
174,303,321,glb80
40,9,17,glb80
137,0,171,glb80
760,441,465,glb80
164,471,334,glb80
111,866,1226,glb80
913,113,417,glb80
66,518,154,glb80
499,661,501,glb80
81,0,881,glb80
511,78,213,glb80
22,2473,482,glb80
1299,1498,1083,glb80
322,264,384,glb80
797,682,125,glb80
321,174,472,glb80
17,40,13,glb80
171,137,0,glb80
465,760,757,glb80
334,164,504,glb80
1226,111,215,glb80
417,913,192,glb80
154,66,348,glb80
501,499,168,glb80
881,81,478,glb80
213,511,707,glb80
482,22,973,glb80
1083,1299,3494,glb80
384,322,428,glb80
125,797,144,glb80
472,321,274,glb80
13,17,24,glb80
0,171,6,glb80
757,465,338,glb80
504,334,76,glb80
215,1226,104,glb80
192,417,15,glb80
348,154,1794,glb80
168,501,305,glb80
478,881,3319,glb80
707,213,720,glb80
973,482,108,glb80
3494,1083,223,glb80
428,384,483,glb80
144,125,134,glb80
274,472,243,glb80
24,13,10,glb80
6,0,279,glb80
338,757,414,glb80
76,504,187,glb80
104,215,3491,glb80
15,192,1712,glb80
1794,348,496,glb80
305,168,1961,glb80
3319,478,314,glb80
720,707,7,glb80
108,973,77,glb80
223,3494,777,glb80
483,428,362,glb80
134,144,26,glb80
243,274,46,glb80
10,24,262,glb80
279,6,831,glb80
414,338,600,glb80
187,76,220,glb80
3491,104,693,glb80
1712,15,3028,glb80
496,1794,0,glb80
1961,305,0,glb80
314,3319,115,glb80
7,720,397,glb80
77,108,384,glb80
777,223,2354,glb80
362,483,408,glb80
26,134,381,glb80
46,243,125,glb80
262,10,0,glb80
831,279,0,glb80
600,414,0,glb80
220,187,0,glb80
693,3491,0,glb80
3028,1712,0,glb80
0,496,0,glb80
0,1961,0,glb80
115,314,0,glb80
397,7,0,glb80
384,77,0,glb80
2354,777,0,glb80
408,362,0,glb80
381,26,0,glb80
125,46,0,glb80
0,0,35,glb72
0,0,0,glb72
170,0,193,glb72
83,0,253,glb72
101,0,229,glb72
2145,0,833,glb72
3096,0,6018,glb72
990,0,397,glb72
704,0,87,glb72
465,0,332,glb72
108,0,307,glb72
219,0,158,glb72
180,0,280,glb72
45,0,144,glb72
68,0,84,glb72
35,0,37,glb72
0,0,27,glb72
193,170,132,glb72
253,83,214,glb72
229,101,103,glb72
833,2145,842,glb72
6018,3096,67,glb72
397,990,1183,glb72
87,704,3629,glb72
332,465,145,glb72
307,108,328,glb72
158,219,208,glb72
280,180,132,glb72
144,45,108,glb72
84,68,39,glb72
37,35,0,glb72
27,0,0,glb72
132,193,264,glb72
214,253,106,glb72
103,229,737,glb72
842,833,319,glb72
67,6018,107,glb72
1183,397,396,glb72
3629,87,2458,glb72
145,332,3688,glb72
328,307,284,glb72
208,158,244,glb72
132,280,136,glb72
108,144,41,glb72
39,84,70,glb72
0,37,0,glb72
0,27,5,glb72
264,132,334,glb72
106,214,1219,glb72
737,103,212,glb72
319,842,707,glb72
107,67,417,glb72
396,1183,376,glb72
2458,3629,4163,glb72
3688,145,1112,glb72
284,328,76,glb72
244,208,158,glb72
136,132,97,glb72
41,108,44,glb72
70,39,40,glb72
0,0,0,glb72
5,0,34,glb72
334,264,14,glb72
1219,106,461,glb72
212,737,11,glb72
707,319,493,glb72
417,107,25,glb72
376,396,905,glb72
4163,2458,2081,glb72
1112,3688,1015,glb72
76,284,228,glb72
158,244,263,glb72
97,136,71,glb72
44,41,34,glb72
40,70,71,glb72
0,0,19,glb72
34,5,61,glb72
14,334,0,glb72
461,1219,0,glb72
11,212,527,glb72
493,707,806,glb72
25,417,2008,glb72
905,376,291,glb72
2081,4163,35,glb72
1015,1112,382,glb72
228,76,279,glb72
263,158,798,glb72
71,97,585,glb72
34,44,51,glb72
71,40,74,glb72
19,0,0,glb72
61,34,22,glb72
0,14,125,glb72
0,461,261,glb72
527,11,493,glb72
806,493,726,glb72
2008,25,36,glb72
291,905,1028,glb72
35,2081,1973,glb72
382,1015,5818,glb72
279,228,42,glb72
798,263,0,glb72
585,71,0,glb72
51,34,236,glb72
74,71,58,glb72
0,19,0,glb72
22,61,187,glb72
125,0,129,glb72
261,0,55,glb72
493,527,672,glb72
726,806,189,glb72
36,2008,585,glb72
1028,291,261,glb72
1973,35,4601,glb72
5818,382,3330,glb72
42,279,900,glb72
0,798,126,glb72
0,585,120,glb72
236,51,125,glb72
58,74,0,glb72
0,0,0,glb72
187,22,74,glb72
129,125,109,glb72
55,261,19,glb72
672,493,201,glb72
189,726,877,glb72
585,36,194,glb72
261,1028,588,glb72
4601,1973,784,glb72
3330,5818,560,glb72
900,42,4747,glb72
126,0,475,glb72
120,0,322,glb72
125,236,19,glb72
0,58,105,glb72
0,0,5,glb72
74,187,32,glb72
109,129,140,glb72
19,55,98,glb72
201,672,135,glb72
877,189,621,glb72
194,585,135,glb72
588,261,1122,glb72
784,4601,1104,glb72
560,3330,152,glb72
4747,900,192,glb72
475,126,469,glb72
322,120,278,glb72
19,125,425,glb72
105,0,159,glb72
5,0,184,glb72
32,74,315,glb72
140,109,217,glb72
98,19,449,glb72
135,201,187,glb72
621,877,1242,glb72
135,194,5678,glb72
1122,588,315,glb72
1104,784,366,glb72
152,560,644,glb72
192,4747,442,glb72
469,475,198,glb72
278,322,58,glb72
425,19,153,glb72
159,105,48,glb72
184,5,30,glb72
315,32,138,glb72
217,140,91,glb72
449,98,1049,glb72
187,135,421,glb72
1242,621,593,glb72
5678,135,1392,glb72
315,1122,5462,glb72
366,1104,66,glb72
644,152,587,glb72
442,192,339,glb72
198,469,14,glb72
58,278,110,glb72
153,425,68,glb72
48,159,0,glb72
30,184,0,glb72
138,315,32,glb72
91,217,110,glb72
1049,449,103,glb72
421,187,5512,glb72
593,1242,34,glb72
1392,5678,155,glb72
5462,315,337,glb72
66,366,195,glb72
587,644,454,glb72
339,442,410,glb72
14,198,420,glb72
110,58,550,glb72
68,153,101,glb72
0,48,103,glb72
0,30,0,glb72
32,138,0,glb72
110,91,15,glb72
103,1049,99,glb72
5512,421,206,glb72
34,593,1099,glb72
155,1392,1827,glb72
337,5462,1302,glb72
195,66,2326,glb72
454,587,4559,glb72
410,339,102,glb72
420,14,244,glb72
550,110,55,glb72
101,68,54,glb72
103,0,7,glb72
0,0,13,glb72
0,32,0,glb72
15,110,237,glb72
99,103,114,glb72
206,5512,185,glb72
1099,34,1058,glb72
1827,155,4896,glb72
1302,337,1880,glb72
2326,195,94,glb72
4559,454,171,glb72
102,410,801,glb72
244,420,415,glb72
55,550,52,glb72
54,101,65,glb72
7,103,115,glb72
13,0,0,glb72
0,0,17,glb72
237,15,48,glb72
114,99,132,glb72
185,206,149,glb72
1058,1099,622,glb72
4896,1827,113,glb72
1880,1302,628,glb72
94,2326,5413,glb72
171,4559,2188,glb72
801,102,414,glb72
415,244,162,glb72
52,55,164,glb72
65,54,113,glb72
115,7,162,glb72
0,13,0,glb72
17,0,102,glb72
48,237,116,glb72
132,114,237,glb72
149,185,537,glb72
622,1058,1203,glb72
113,4896,1781,glb72
628,1880,2458,glb72
5413,94,2844,glb72
2188,171,2820,glb72
414,801,3242,glb72
162,415,0,glb72
164,52,0,glb72
113,65,0,glb72
162,115,0,glb72
0,0,9,glb72
102,17,16,glb72
116,48,254,glb72
237,132,117,glb72
537,149,144,glb72
1203,622,2122,glb72
1781,113,3269,glb72
2458,628,1654,glb72
2844,5413,564,glb72
2820,2188,558,glb72
3242,414,900,glb72
0,162,984,glb72
0,164,41,glb72
0,113,577,glb72
0,162,9,glb72
9,0,0,glb72
16,102,8,glb72
254,116,221,glb72
117,237,582,glb72
144,537,51,glb72
2122,1203,781,glb72
3269,1781,2367,glb72
1654,2458,2073,glb72
564,2844,3179,glb72
558,2820,1413,glb72
900,3242,780,glb72
984,0,99,glb72
41,0,283,glb72
577,0,88,glb72
9,0,67,glb72
0,9,14,glb72
8,16,10,glb72
221,254,201,glb72
582,117,0,glb72
51,144,72,glb72
781,2122,1231,glb72
2367,3269,860,glb72
2073,1654,2682,glb72
3179,564,3267,glb72
1413,558,1118,glb72
780,900,356,glb72
99,984,468,glb72
283,41,379,glb72
88,577,162,glb72
67,9,0,glb72
14,0,12,glb72
10,8,0,glb72
201,221,134,glb72
0,582,87,glb72
72,51,264,glb72
1231,781,110,glb72
860,2367,4437,glb72
2682,2073,1163,glb72
3267,3179,1681,glb72
1118,1413,1187,glb72
356,780,409,glb72
468,99,53,glb72
379,283,518,glb72
162,88,214,glb72
0,67,25,glb72
12,14,0,glb72
0,10,39,glb72
134,201,124,glb72
87,0,184,glb72
264,72,519,glb72
110,1231,258,glb72
4437,860,478,glb72
1163,2682,569,glb72
1681,3267,298,glb72
1187,1118,168,glb72
409,356,298,glb72
53,468,275,glb72
518,379,105,glb72
214,162,408,glb72
25,0,127,glb72
0,12,37,glb72
39,0,6,glb72
124,134,155,glb72
184,87,0,glb72
519,264,77,glb72
258,110,662,glb72
478,4437,119,glb72
569,1163,882,glb72
298,1681,2656,glb72
168,1187,282,glb72
298,409,271,glb72
275,53,323,glb72
105,518,360,glb72
408,214,22,glb72
127,25,261,glb72
37,0,42,glb72
6,39,16,glb72
155,124,201,glb72
0,184,54,glb72
77,519,268,glb72
662,258,472,glb72
119,478,1575,glb72
882,569,2567,glb72
2656,298,3409,glb72
282,168,102,glb72
271,298,299,glb72
323,275,418,glb72
360,105,498,glb72
22,408,69,glb72
261,127,373,glb72
42,37,0,glb72
16,6,44,glb72
201,155,79,glb72
54,0,902,glb72
268,77,135,glb72
472,662,781,glb72
1575,119,786,glb72
2567,882,863,glb72
3409,2656,3010,glb72
102,282,3662,glb72
299,271,1353,glb72
418,323,14,glb72
498,360,166,glb72
69,22,302,glb72
373,261,24,glb72
0,42,31,glb72
44,16,0,glb72
79,201,34,glb72
902,54,147,glb72
135,268,100,glb72
781,472,342,glb72
786,1575,124,glb72
863,2567,221,glb72
3010,3409,2694,glb72
3662,102,1784,glb72
1353,299,251,glb72
14,418,375,glb72
166,498,56,glb72
302,69,52,glb72
24,373,20,glb72
31,0,23,glb72
0,44,0,glb72
34,79,195,glb72
147,902,53,glb72
100,135,456,glb72
342,781,191,glb72
124,786,259,glb72
221,863,602,glb72
2694,3010,263,glb72
1784,3662,1106,glb72
251,1353,1960,glb72
375,14,471,glb72
56,166,390,glb72
52,302,30,glb72
20,24,9,glb72
23,31,0,glb72
0,0,159,glb72
195,34,242,glb72
53,147,156,glb72
456,100,156,glb72
191,342,3259,glb72
259,124,3295,glb72
602,221,1104,glb72
263,2694,1395,glb72
1106,1784,819,glb72
1960,251,388,glb72
471,375,224,glb72
390,56,187,glb72
30,52,236,glb72
9,20,13,glb72
0,23,18,glb72
159,0,0,glb72
242,195,166,glb72
156,53,98,glb72
156,456,437,glb72
3259,191,794,glb72
3295,259,1900,glb72
1104,602,3758,glb72
1395,263,322,glb72
819,1106,2210,glb72
388,1960,280,glb72
224,471,433,glb72
187,390,346,glb72
236,30,27,glb72
13,9,142,glb72
18,0,14,glb72
0,159,23,glb72
166,242,162,glb72
98,156,32,glb72
437,156,664,glb72
794,3259,731,glb72
1900,3295,142,glb72
3758,1104,991,glb72
322,1395,2675,glb72
2210,819,2703,glb72
280,388,931,glb72
433,224,220,glb72
346,187,368,glb72
27,236,120,glb72
142,13,146,glb72
14,18,0,glb72
23,0,0,glb72
162,166,0,glb72
32,98,0,glb72
664,437,0,glb72
731,794,0,glb72
142,1900,0,glb72
991,3758,0,glb72
2675,322,0,glb72
2703,2210,0,glb72
931,280,0,glb72
220,433,0,glb72
368,346,0,glb72
120,27,0,glb72
146,142,0,glb72
0,0,0,glb78
0,0,0,glb78
0,0,0,glb78
0,0,0,glb78
0,0,0,glb78
0,0,0,glb78
0,0,0,glb78
0,0,0,glb78
0,0,0,glb78
0,0,0,glb78
0,0,0,glb78
0,0,0,glb78
0,0,783,glb78
0,0,614,glb78
0,0,1066,glb78
0,0,199,glb78
0,0,171,glb78
0,0,23,glb78
0,0,21,glb78
0,0,249,glb78
0,0,171,glb78
0,0,30,glb78
0,0,166,glb78
0,0,909,glb78
0,0,253,glb78
0,0,386,glb78
0,0,243,glb78
783,0,212,glb78
614,0,808,glb78
1066,0,144,glb78
199,0,131,glb78
171,0,23,glb78
23,0,22,glb78
21,0,132,glb78
249,0,168,glb78
171,0,91,glb78
30,0,242,glb78
166,0,267,glb78
909,0,1874,glb78
253,0,469,glb78
386,0,807,glb78
243,0,469,glb78
212,783,319,glb78
808,614,424,glb78
144,1066,309,glb78
131,199,57,glb78
23,171,5,glb78
22,23,0,glb78
132,21,33,glb78
168,249,136,glb78
91,171,579,glb78
242,30,235,glb78
267,166,345,glb78
1874,909,567,glb78
469,253,319,glb78
807,386,825,glb78
469,243,558,glb78
319,212,625,glb78
424,808,319,glb78
309,144,532,glb78
57,131,0,glb78
5,23,0,glb78
0,22,329,glb78
33,132,12,glb78
136,168,146,glb78
579,91,301,glb78
235,242,0,glb78
345,267,57,glb78
567,1874,828,glb78
319,469,900,glb78
825,807,370,glb78
558,469,833,glb78
625,319,583,glb78
319,424,0,glb78
532,309,0,glb78
0,57,0,glb78
0,5,9,glb78
329,0,8,glb78
12,33,20,glb78
146,136,249,glb78
301,579,473,glb78
0,235,389,glb78
57,345,321,glb78
828,567,444,glb78
900,319,556,glb78
370,825,507,glb78
833,558,1166,glb78
583,625,51,glb78
0,319,75,glb78
0,532,64,glb78
0,0,4,glb78
9,0,0,glb78
8,329,0,glb78
20,12,0,glb78
249,146,439,glb78
473,301,46,glb78
389,0,0,glb78
321,57,0,glb78
444,828,0,glb78
556,900,707,glb78
507,370,400,glb78
1166,833,70,glb78
51,583,147,glb78
75,0,398,glb78
64,0,547,glb78
4,0,15,glb78
0,9,63,glb78
0,8,6,glb78
0,20,23,glb78
439,249,88,glb78
46,473,130,glb78
0,389,143,glb78
0,321,529,glb78
0,444,516,glb78
707,556,318,glb78
400,507,269,glb78
70,1166,663,glb78
147,51,468,glb78
398,75,156,glb78
547,64,511,glb78
15,4,0,glb78
63,0,0,glb78
6,0,94,glb78
23,0,0,glb78
88,439,6,glb78
130,46,33,glb78
143,0,271,glb78
529,0,514,glb78
516,0,372,glb78
318,707,524,glb78
269,400,523,glb78
663,70,453,glb78
468,147,285,glb78
156,398,214,glb78
511,547,124,glb78
0,15,95,glb78
0,63,0,glb78
94,6,0,glb78
0,23,44,glb78
6,88,43,glb78
33,130,347,glb78
271,143,0,glb78
514,529,177,glb78
372,516,116,glb78
524,318,475,glb78
523,269,1511,glb78
453,663,633,glb78
285,468,742,glb78
214,156,188,glb78
124,511,187,glb78
95,0,29,glb78
0,0,0,glb78
0,94,0,glb78
44,0,0,glb78
43,6,23,glb78
347,33,144,glb78
0,271,228,glb78
177,514,132,glb78
116,372,594,glb78
475,524,49,glb78
1511,523,1194,glb78
633,453,766,glb78
742,285,1353,glb78
188,214,431,glb78
187,124,649,glb78
29,95,954,glb78
0,0,527,glb78
0,0,0,glb78
0,44,7,glb78
23,43,0,glb78
144,347,0,glb78
228,0,265,glb78
132,177,206,glb78
594,116,58,glb78
49,475,324,glb78
1194,1511,841,glb78
766,633,228,glb78
1353,742,971,glb78
431,188,326,glb78
649,187,831,glb78
954,29,0,glb78
527,0,0,glb78
0,0,0,glb78
7,0,0,glb78
0,23,0,glb78
0,144,0,glb78
265,228,0,glb78
206,132,0,glb78
58,594,0,glb78
324,49,0,glb78
841,1194,0,glb78
228,766,0,glb78
971,1353,0,glb78
326,431,0,glb78
831,649,0,glb78
0,954,15,glb78
0,527,10,glb78
0,0,14,glb78
0,7,70,glb78
0,0,4,glb78
0,0,31,glb78
0,265,181,glb78
0,206,37,glb78
0,58,166,glb78
0,324,321,glb78
0,841,1056,glb78
0,228,542,glb78
0,971,441,glb78
0,326,919,glb78
0,831,506,glb78
15,0,0,glb78
10,0,0,glb78
14,0,0,glb78
70,0,225,glb78
4,0,296,glb78
31,0,672,glb78
181,0,889,glb78
37,0,896,glb78
166,0,660,glb78
321,0,274,glb78
1056,0,178,glb78
542,0,695,glb78
441,0,393,glb78
919,0,446,glb78
506,0,720,glb78
0,15,0,glb78
0,10,146,glb78
0,14,100,glb78
225,70,70,glb78
296,4,137,glb78
672,31,0,glb78
889,181,8,glb78
896,37,362,glb78
660,166,825,glb78
274,321,864,glb78
178,1056,153,glb78
695,542,1170,glb78
393,441,923,glb78
446,919,455,glb78
720,506,394,glb78
0,0,9,glb78
146,0,0,glb78
100,0,0,glb78
70,225,94,glb78
137,296,71,glb78
0,672,40,glb78
8,889,1181,glb78
362,896,1596,glb78
825,660,1746,glb78
864,274,933,glb78
153,178,917,glb78
1170,695,394,glb78
923,393,614,glb78
455,446,333,glb78
394,720,387,glb78
9,0,0,glb78
0,146,9,glb78
0,100,0,glb78
94,70,32,glb78
71,137,19,glb78
40,0,7,glb78
1181,8,450,glb78
1596,362,15,glb78
1746,825,41,glb78
933,864,0,glb78
917,153,0,glb78
394,1170,853,glb78
614,923,1083,glb78
333,455,96,glb78
387,394,232,glb78
0,9,0,glb78
9,0,0,glb78
0,0,0,glb78
32,94,8,glb78
19,71,89,glb78
7,40,0,glb78
450,1181,100,glb78
15,1596,602,glb78
41,1746,252,glb78
0,933,294,glb78
0,917,252,glb78
853,394,548,glb78
1083,614,92,glb78
96,333,23,glb78
232,387,25,glb78
0,0,0,glb78
0,9,0,glb78
0,0,0,glb78
8,32,0,glb78
89,19,0,glb78
0,7,0,glb78
100,450,0,glb78
602,15,0,glb78
252,41,0,glb78
294,0,0,glb78
252,0,0,glb78
548,853,0,glb78
92,1083,159,glb78
23,96,284,glb78
25,232,508,glb78
0,0,0,glb78
0,0,13,glb78
0,0,0,glb78
0,8,0,glb78
0,89,0,glb78
0,0,42,glb78
0,100,147,glb78
0,602,413,glb78
0,252,341,glb78
0,294,107,glb78
0,252,707,glb78
0,548,992,glb78
159,92,104,glb78
284,23,668,glb78
508,25,143,glb78
0,0,183,glb78
13,0,0,glb78
0,0,0,glb78
0,0,9,glb78
0,0,0,glb78
42,0,142,glb78
147,0,12,glb78
413,0,323,glb78
341,0,287,glb78
107,0,419,glb78
707,0,791,glb78
992,0,768,glb78
104,159,736,glb78
668,284,768,glb78
143,508,986,glb78
183,0,146,glb78
0,13,0,glb78
0,0,11,glb78
9,0,133,glb78
0,0,0,glb78
142,42,38,glb78
12,147,0,glb78
323,413,25,glb78
287,341,191,glb78
419,107,0,glb78
791,707,567,glb78
768,992,456,glb78
736,104,1086,glb78
768,668,790,glb78
986,143,946,glb78
146,183,9,glb78
0,0,9,glb78
11,0,0,glb78
133,9,0,glb78
0,0,158,glb78
38,142,13,glb78
0,12,471,glb78
25,323,0,glb78
191,287,91,glb78
0,419,1317,glb78
567,791,1005,glb78
456,768,785,glb78
1086,736,1133,glb78
790,768,145,glb78
946,986,609,glb78
9,146,27,glb78
9,0,21,glb78
0,11,10,glb78
0,133,0,glb78
158,0,8,glb78
13,38,281,glb78
471,0,422,glb78
0,25,1612,glb78
91,191,1622,glb78
1317,0,1476,glb78
1005,567,1268,glb78
785,456,147,glb78
1133,1086,559,glb78
145,790,437,glb78
609,946,246,glb78
27,9,766,glb78
21,9,762,glb78
10,0,411,glb78
0,0,1452,glb78
8,158,699,glb78
281,13,756,glb78
422,471,443,glb78
1612,0,272,glb78
1622,91,377,glb78
1476,1317,1520,glb78
1268,1005,1045,glb78
147,785,787,glb78
559,1133,427,glb78
437,145,500,glb78
246,609,243,glb78
766,27,32,glb78
762,21,88,glb78
411,10,16,glb78
1452,0,5,glb78
699,8,0,glb78
756,281,0,glb78
443,422,134,glb78
272,1612,372,glb78
377,1622,482,glb78
1520,1476,490,glb78
1045,1268,369,glb78
787,147,546,glb78
427,559,268,glb78
500,437,333,glb78
243,246,339,glb78
32,766,0,glb78
88,762,0,glb78
16,411,151,glb78
5,1452,33,glb78
0,699,0,glb78
0,756,269,glb78
134,443,270,glb78
372,272,479,glb78
482,377,450,glb78
490,1520,467,glb78
369,1045,1530,glb78
546,787,954,glb78
268,427,651,glb78
333,500,1077,glb78
339,243,96,glb78
0,32,0,glb78
0,88,0,glb78
151,16,0,glb78
33,5,0,glb78
0,0,0,glb78
269,0,0,glb78
270,134,0,glb78
479,372,0,glb78
450,482,0,glb78
467,490,0,glb78
1530,369,0,glb78
954,546,0,glb78
651,268,0,glb78
1077,333,0,glb78
96,339,0,glb78
0,0,0,glb72
0,0,0,glb72
0,0,0,glb72
0,0,0,glb72
0,0,0,glb72
0,0,0,glb72
0,0,0,glb72
0,0,0,glb72
0,0,0,glb72
0,0,0,glb72
0,0,0,glb72
0,0,0,glb72
0,0,0,glb72
0,0,0,glb72
0,0,0,glb72
0,0,0,glb72
0,0,0,glb72
0,0,0,glb72
0,0,0,glb72
0,0,0,glb72
0,0,0,glb72
0,0,0,glb72
0,0,0,glb72
0,0,0,glb72
0,0,0,glb72
0,0,0,glb72
0,0,0,glb72
0,0,0,glb72
0,0,0,glb72
0,0,0,glb72
0,0,0,glb72
0,0,0,glb72
0,0,0,glb72
0,0,0,glb72
0,0,0,glb72
0,0,0,glb72
0,0,0,glb72
0,0,0,glb72
0,0,0,glb72
0,0,0,glb72
0,0,0,glb72
0,0,0,glb72
0,0,0,glb72
0,0,0,glb72
0,0,0,glb72
0,0,0,glb72
0,0,0,glb72
0,0,0,glb72
0,0,0,glb72
0,0,0,glb72
0,0,0,glb72
0,0,0,glb72
0,0,0,glb72
0,0,0,glb72
0,0,0,glb72
0,0,0,glb72
0,0,0,glb72
0,0,0,glb72
0,0,0,glb72
0,0,0,glb72
0,0,0,glb72
0,0,0,glb72
0,0,0,glb72
0,0,0,glb72
0,0,0,glb72
0,0,0,glb72
0,0,0,glb72
0,0,0,glb72
0,0,0,glb72
0,0,0,glb72
0,0,0,glb72
0,0,0,glb72
0,0,0,glb72
0,0,0,glb72
0,0,0,glb72
0,0,0,glb72
0,0,0,glb72
0,0,0,glb72
0,0,0,glb72
0,0,0,glb72
0,0,0,glb72
0,0,0,glb72
0,0,0,glb72
0,0,0,glb72
0,0,0,glb72
0,0,0,glb72
0,0,0,glb72
0,0,0,glb72
0,0,0,glb72
0,0,0,glb72
0,0,0,glb72
0,0,0,glb72
0,0,0,glb72
0,0,0,glb72
0,0,0,glb72
0,0,0,glb72
0,0,0,glb72
0,0,0,glb72
0,0,0,glb72
0,0,0,glb72
0,0,0,glb72
0,0,0,glb72
0,0,0,glb72
0,0,0,glb72
0,0,0,glb72
0,0,0,glb72
0,0,0,glb72
0,0,0,glb72
0,0,0,glb72
0,0,0,glb72
0,0,0,glb72
0,0,0,glb72
0,0,0,glb72
0,0,0,glb72
0,0,0,glb72
0,0,0,glb72
0,0,0,glb72
0,0,0,glb72
0,0,0,glb72
0,0,0,glb72
0,0,0,glb72
0,0,0,glb72
0,0,0,glb72
0,0,0,glb72
0,0,0,glb72
0,0,0,glb72
0,0,0,glb72
0,0,0,glb72
0,0,0,glb72
0,0,0,glb72
0,0,0,glb72
0,0,0,glb72
0,0,0,glb72
0,0,0,glb72
0,0,0,glb72
0,0,0,glb72
0,0,0,glb72
0,0,0,glb72
0,0,0,glb72
0,0,0,glb72
0,0,0,glb72
0,0,0,glb72
0,0,0,glb72
0,0,0,glb72
0,0,0,glb72
0,0,0,glb72
0,0,0,glb72
0,0,0,glb72
0,0,0,glb72
0,0,0,glb72
0,0,0,glb72
0,0,0,glb72
0,0,0,glb72
0,0,0,glb72
0,0,0,glb72
0,0,0,glb72
0,0,0,glb72
0,0,0,glb72
0,0,0,glb72
0,0,11,glb72
0,0,610,glb72
0,0,415,glb72
0,0,186,glb72
0,0,253,glb72
0,0,108,glb72
0,0,125,glb72
0,0,192,glb72
0,0,68,glb72
0,0,433,glb72
0,0,578,glb72
0,0,518,glb72
0,0,303,glb72
0,0,248,glb72
0,0,3906,glb72
11,0,83,glb72
610,0,0,glb72
415,0,387,glb72
186,0,549,glb72
253,0,409,glb72
108,0,223,glb72
125,0,19,glb72
192,0,0,glb72
68,0,213,glb72
433,0,264,glb72
578,0,99,glb72
518,0,209,glb72
303,0,33,glb72
248,0,356,glb72
3906,0,172,glb72
83,11,1072,glb72
0,610,2323,glb72
387,415,355,glb72
549,186,178,glb72
409,253,186,glb72
223,108,82,glb72
19,125,29,glb72
0,192,0,glb72
213,68,188,glb72
264,433,115,glb72
99,578,133,glb72
209,518,728,glb72
33,303,1838,glb72
356,248,697,glb72
172,3906,298,glb72
1072,83,193,glb72
2323,0,406,glb72
355,387,153,glb72
178,549,258,glb72
186,409,51,glb72
82,223,144,glb72
29,19,0,glb72
0,0,0,glb72
188,213,170,glb72
115,264,152,glb72
133,99,199,glb72
728,209,41,glb72
1838,33,5285,glb72
697,356,1598,glb72
298,172,1221,glb72
193,1072,326,glb72
406,2323,662,glb72
153,355,221,glb72
258,178,507,glb72
51,186,45,glb72
144,82,90,glb72
0,29,0,glb72
0,0,14,glb72
170,188,204,glb72
152,115,143,glb72
199,133,661,glb72
41,728,641,glb72
5285,1838,896,glb72
1598,697,189,glb72
1221,298,2207,glb72
326,193,3808,glb72
662,406,134,glb72
221,153,144,glb72
507,258,186,glb72
45,51,87,glb72
90,144,97,glb72
0,0,30,glb72
14,0,0,glb72
204,170,138,glb72
143,152,84,glb72
661,199,102,glb72
641,41,243,glb72
896,5285,282,glb72
189,1598,995,glb72
2207,1221,887,glb72
3808,326,4103,glb72
134,662,1164,glb72
144,221,176,glb72
186,507,157,glb72
87,45,34,glb72
97,90,31,glb72
30,0,0,glb72
0,14,0,glb72
138,204,0,glb72
84,143,45,glb72
102,661,81,glb72
243,641,179,glb72
282,896,572,glb72
995,189,308,glb72
887,2207,365,glb72
4103,3808,5694,glb72
1164,134,163,glb72
176,144,0,glb72
157,186,0,glb72
34,87,155,glb72
31,97,5,glb72
0,30,34,glb72
0,0,0,glb72
0,138,330,glb72
45,84,178,glb72
81,102,198,glb72
179,243,1514,glb72
572,282,3530,glb72
308,995,291,glb72
365,887,700,glb72
5694,4103,404,glb72
163,1164,308,glb72
0,176,332,glb72
0,157,66,glb72
155,34,105,glb72
5,31,183,glb72
34,0,0,glb72
0,0,0,glb72
330,0,157,glb72
178,45,492,glb72
198,81,72,glb72
1514,179,193,glb72
3530,572,292,glb72
291,308,409,glb72
700,365,2864,glb72
404,5694,1813,glb72
308,163,106,glb72
332,0,234,glb72
66,0,30,glb72
105,155,66,glb72
183,5,61,glb72
0,34,28,glb72
0,0,20,glb72
157,330,147,glb72
492,178,275,glb72
72,198,180,glb72
193,1514,4207,glb72
292,3530,224,glb72
409,291,279,glb72
2864,700,112,glb72
1813,404,358,glb72
106,308,432,glb72
234,332,555,glb72
30,66,377,glb72
66,105,159,glb72
61,183,49,glb72
28,0,4,glb72
20,0,0,glb72
147,157,255,glb72
275,492,228,glb72
180,72,243,glb72
4207,193,99,glb72
224,292,427,glb72
279,409,1843,glb72
112,2864,1322,glb72
358,1813,5507,glb72
432,106,44,glb72
555,234,145,glb72
377,30,15,glb72
159,66,20,glb72
49,61,87,glb72
4,28,0,glb72
0,20,0,glb72
255,147,137,glb72
228,275,79,glb72
243,180,250,glb72
99,4207,54,glb72
427,224,4822,glb72
1843,279,1164,glb72
1322,112,278,glb72
5507,358,320,glb72
44,432,664,glb72
145,555,263,glb72
15,377,9,glb72
20,159,65,glb72
87,49,0,glb72
0,4,0,glb72
0,0,0,glb72
137,255,152,glb72
79,228,95,glb72
250,243,397,glb72
54,99,610,glb72
4822,427,100,glb72
1164,1843,570,glb72
278,1322,564,glb72
320,5507,3404,glb72
664,44,817,glb72
263,145,99,glb72
9,15,409,glb72
65,20,140,glb72
0,87,92,glb72
0,0,0,glb72
0,0,53,glb72
152,137,269,glb72
95,79,164,glb72
397,250,893,glb72
610,54,3807,glb72
100,4822,326,glb72
570,1164,172,glb72
564,278,507,glb72
3404,320,427,glb72
817,664,265,glb72
99,263,140,glb72
409,9,201,glb72
140,65,365,glb72
92,0,250,glb72
0,0,19,glb72
53,0,193,glb72
269,152,0,glb72
164,95,132,glb72
893,397,126,glb72
3807,610,482,glb72
326,100,505,glb72
172,570,4885,glb72
507,564,354,glb72
427,3404,476,glb72
265,817,469,glb72
140,99,143,glb72
201,409,302,glb72
365,140,669,glb72
250,92,37,glb72
19,0,0,glb72
193,53,0,glb72
0,269,108,glb72
132,164,266,glb72
126,893,71,glb72
482,3807,451,glb72
505,326,5108,glb72
4885,172,434,glb72
354,507,345,glb72
476,427,530,glb72
469,265,350,glb72
143,140,327,glb72
302,201,219,glb72
669,365,59,glb72
37,250,31,glb72
0,19,0,glb72
0,193,0,glb72
108,0,152,glb72
266,132,199,glb72
71,126,449,glb72
451,482,3882,glb72
5108,505,373,glb72
434,4885,186,glb72
345,354,306,glb72
530,476,130,glb72
350,469,700,glb72
327,143,661,glb72
219,302,410,glb72
59,669,305,glb72
31,37,75,glb72
0,0,0,glb72
0,0,0,glb72
152,108,0,glb72
199,266,0,glb72
449,71,0,glb72
3882,451,0,glb72
373,5108,0,glb72
186,434,0,glb72
306,345,0,glb72
130,530,0,glb72
700,350,0,glb72
661,327,0,glb72
410,219,0,glb72
305,59,0,glb72
75,31,0,glb72
0,0,0,glb78
0,0,0,glb78
0,0,0,glb78
0,0,52,glb78
0,0,471,glb78
40,0,575,glb78
0,0,8,glb78
729,0,258,glb78
736,0,346,glb78
1277,0,357,glb78
864,0,171,glb78
584,0,603,glb78
821,0,4180,glb78
394,0,592,glb78
617,0,491,glb78
0,0,0,glb78
0,0,0,glb78
0,0,0,glb78
52,0,0,glb78
471,0,0,glb78
575,40,289,glb78
8,0,2076,glb78
258,729,1402,glb78
346,736,806,glb78
357,1277,775,glb78
171,864,1168,glb78
603,584,276,glb78
4180,821,234,glb78
592,394,644,glb78
491,617,1090,glb78
0,0,0,glb78
0,0,0,glb78
0,0,0,glb78
0,52,0,glb78
0,471,0,glb78
289,575,0,glb78
2076,8,0,glb78
1402,258,413,glb78
806,346,405,glb78
775,357,261,glb78
1168,171,1128,glb78
276,603,581,glb78
234,4180,1318,glb78
644,592,528,glb78
1090,491,487,glb78
0,0,0,glb78
0,0,0,glb78
0,0,0,glb78
0,0,0,glb78
0,0,0,glb78
0,289,29,glb78
0,2076,175,glb78
413,1402,117,glb78
405,806,92,glb78
261,775,136,glb78
1128,1168,426,glb78
581,276,912,glb78
1318,234,444,glb78
528,644,426,glb78
487,1090,1079,glb78
0,0,147,glb78
0,0,0,glb78
0,0,0,glb78
0,0,0,glb78
0,0,0,glb78
29,0,0,glb78
175,0,238,glb78
117,413,99,glb78
92,405,613,glb78
136,261,143,glb78
426,1128,0,glb78
912,581,84,glb78
444,1318,100,glb78
426,528,304,glb78
1079,487,16,glb78
147,0,0,glb78
0,0,0,glb78
0,0,0,glb78
0,0,0,glb78
0,0,0,glb78
0,29,76,glb78
238,175,230,glb78
99,117,596,glb78
613,92,170,glb78
143,136,266,glb78
0,426,799,glb78
84,912,819,glb78
100,444,800,glb78
304,426,472,glb78
16,1079,355,glb78
0,147,0,glb78
0,0,0,glb78
0,0,0,glb78
0,0,0,glb78
0,0,0,glb78
76,0,0,glb78
230,238,103,glb78
596,99,845,glb78
170,613,1016,glb78
266,143,998,glb78
799,0,782,glb78
819,84,209,glb78
800,100,0,glb78
472,304,0,glb78
355,16,0,glb78
0,0,0,glb78
0,0,0,glb78
0,0,0,glb78
0,0,15,glb78
0,0,0,glb78
0,76,39,glb78
103,230,355,glb78
845,596,1148,glb78
1016,170,392,glb78
998,266,1021,glb78
782,799,135,glb78
209,819,1043,glb78
0,800,581,glb78
0,472,44,glb78
0,355,165,glb78
0,0,0,glb78
0,0,0,glb78
0,0,0,glb78
15,0,0,glb78
0,0,0,glb78
39,0,711,glb78
355,103,458,glb78
1148,845,505,glb78
392,1016,2169,glb78
1021,998,772,glb78
135,782,1050,glb78
1043,209,542,glb78
581,0,689,glb78
44,0,461,glb78
165,0,522,glb78
0,0,0,glb78
0,0,0,glb78
0,0,0,glb78
0,15,0,glb78
0,0,0,glb78
711,39,0,glb78
458,355,20,glb78
505,1148,584,glb78
2169,392,700,glb78
772,1021,744,glb78
1050,135,570,glb78
542,1043,1009,glb78
689,581,1052,glb78
461,44,791,glb78
522,165,874,glb78
0,0,0,glb78
0,0,0,glb78
0,0,0,glb78
0,0,0,glb78
0,0,0,glb78
0,711,42,glb78
20,458,1166,glb78
584,505,1058,glb78
700,2169,244,glb78
744,772,377,glb78
570,1050,1362,glb78
1009,542,200,glb78
1052,689,1058,glb78
791,461,1163,glb78
874,522,520,glb78
0,0,0,glb78
0,0,0,glb78
0,0,0,glb78
0,0,0,glb78
0,0,0,glb78
42,0,12,glb78
1166,20,346,glb78
1058,584,197,glb78
244,700,0,glb78
377,744,1127,glb78
1362,570,353,glb78
200,1009,43,glb78
1058,1052,887,glb78
1163,791,617,glb78
520,874,327,glb78
0,0,0,glb78
0,0,0,glb78
0,0,0,glb78
0,0,0,glb78
0,0,0,glb78
12,42,253,glb78
346,1166,1313,glb78
197,1058,776,glb78
0,244,242,glb78
1127,377,377,glb78
353,1362,1109,glb78
43,200,1137,glb78
887,1058,607,glb78
617,1163,806,glb78
327,520,873,glb78
0,0,1256,glb78
0,0,19,glb78
0,0,183,glb78
0,0,1222,glb78
0,0,589,glb78
253,12,1337,glb78
1313,346,1707,glb78
776,197,181,glb78
242,0,91,glb78
377,1127,412,glb78
1109,353,86,glb78
1137,43,1411,glb78
607,887,95,glb78
806,617,147,glb78
873,327,690,glb78
1256,0,0,glb78
19,0,10,glb78
183,0,760,glb78
1222,0,854,glb78
589,0,184,glb78
1337,253,956,glb78
1707,1313,285,glb78
181,776,272,glb78
91,242,198,glb78
412,377,333,glb78
86,1109,143,glb78
1411,1137,539,glb78
95,607,585,glb78
147,806,1344,glb78
690,873,697,glb78
0,1256,0,glb78
10,19,11,glb78
760,183,689,glb78
854,1222,618,glb78
184,589,462,glb78
956,1337,208,glb78
285,1707,159,glb78
272,181,643,glb78
198,91,429,glb78
333,412,63,glb78
143,86,212,glb78
539,1411,279,glb78
585,95,165,glb78
1344,147,220,glb78
697,690,941,glb78
0,0,0,glb78
11,10,706,glb78
689,760,1779,glb78
618,854,397,glb78
462,184,564,glb78
208,956,2419,glb78
159,285,408,glb78
643,272,495,glb78
429,198,460,glb78
63,333,528,glb78
212,143,771,glb78
279,539,217,glb78
165,585,420,glb78
220,1344,874,glb78
941,697,1291,glb78
0,0,18,glb78
706,11,120,glb78
1779,689,36,glb78
397,618,195,glb78
564,462,926,glb78
2419,208,695,glb78
408,159,522,glb78
495,643,524,glb78
460,429,904,glb78
528,63,403,glb78
771,212,424,glb78
217,279,520,glb78
420,165,907,glb78
874,220,831,glb78
1291,941,1328,glb78
18,0,0,glb78
120,706,0,glb78
36,1779,36,glb78
195,397,782,glb78
926,564,130,glb78
695,2419,914,glb78
522,408,1062,glb78
524,495,1029,glb78
904,460,423,glb78
403,528,1054,glb78
424,771,273,glb78
520,217,436,glb78
907,420,1012,glb78
831,874,1377,glb78
1328,1291,1154,glb78
0,18,0,glb78
0,120,0,glb78
36,36,0,glb78
782,195,0,glb78
130,926,261,glb78
914,695,512,glb78
1062,522,0,glb78
1029,524,0,glb78
423,904,0,glb78
1054,403,0,glb78
273,424,0,glb78
436,520,0,glb78
1012,907,0,glb78
1377,831,0,glb78
1154,1328,0,glb78
0,0,0,glb78
0,0,0,glb78
0,36,0,glb78
0,782,0,glb78
261,130,0,glb78
512,914,0,glb78
0,1062,0,glb78
0,1029,0,glb78
0,423,0,glb78
0,1054,0,glb78
0,273,0,glb78
0,436,0,glb78
0,1012,0,glb78
0,1377,0,glb78
0,1154,0,glb78
0,0,0,glb78
0,0,0,glb78
0,0,0,glb78
0,0,0,glb78
0,261,0,glb78
0,512,0,glb78
0,0,0,glb78
0,0,0,glb78
0,0,0,glb78
0,0,0,glb78
0,0,0,glb78
0,0,0,glb78
0,0,0,glb78
0,0,0,glb78
0,0,0,glb78
0,0,0,glb78
0,0,0,glb78
0,0,10,glb78
0,0,0,glb78
0,0,61,glb78
0,0,692,glb78
0,0,797,glb78
0,0,1955,glb78
0,0,773,glb78
0,0,958,glb78
0,0,599,glb78
0,0,883,glb78
0,0,1331,glb78
0,0,835,glb78
0,0,176,glb78
0,0,0,glb78
0,0,0,glb78
10,0,0,glb78
0,0,0,glb78
61,0,51,glb78
692,0,59,glb78
797,0,284,glb78
1955,0,262,glb78
773,0,136,glb78
958,0,564,glb78
599,0,599,glb78
883,0,229,glb78
1331,0,686,glb78
835,0,656,glb78
176,0,363,glb78
0,0,0,glb78
0,0,0,glb78
0,10,0,glb78
0,0,0,glb78
51,61,374,glb78
59,692,1065,glb78
284,797,609,glb78
262,1955,2219,glb78
136,773,534,glb78
564,958,1281,glb78
599,599,914,glb78
229,883,903,glb78
686,1331,811,glb78
656,835,981,glb78
363,176,806,glb78
0,0,0,glb78
0,0,0,glb78
0,0,0,glb78
0,0,0,glb78
374,51,0,glb78
1065,59,357,glb78
609,284,233,glb78
2219,262,0,glb78
534,136,0,glb78
1281,564,0,glb78
914,599,0,glb78
903,229,0,glb78
811,686,0,glb78
981,656,0,glb78
806,363,0,glb78
0,0,11,glb78
0,0,7,glb78
0,0,98,glb78
0,0,99,glb78
0,374,0,glb78
357,1065,13,glb78
233,609,151,glb78
0,2219,260,glb78
0,534,1222,glb78
0,1281,1127,glb78
0,914,588,glb78
0,903,1188,glb78
0,811,390,glb78
0,981,592,glb78
0,806,972,glb78
11,0,0,glb78
7,0,0,glb78
98,0,0,glb78
99,0,0,glb78
0,0,736,glb78
13,357,456,glb78
151,233,248,glb78
260,0,1167,glb78
1222,0,792,glb78
1127,0,240,glb78
588,0,309,glb78
1188,0,1239,glb78
390,0,788,glb78
592,0,170,glb78
972,0,211,glb78
0,11,0,glb78
0,7,0,glb78
0,98,0,glb78
0,99,0,glb78
736,0,301,glb78
456,13,464,glb78
248,151,313,glb78
1167,260,595,glb78
792,1222,853,glb78
240,1127,584,glb78
309,588,889,glb78
1239,1188,743,glb78
788,390,610,glb78
170,592,476,glb78
211,972,278,glb78
0,0,0,glb78
0,0,0,glb78
0,0,0,glb78
0,0,10,glb78
301,736,109,glb78
464,456,1169,glb78
313,248,617,glb78
595,1167,465,glb78
853,792,410,glb78
584,240,576,glb78
889,309,755,glb78
743,1239,863,glb78
610,788,705,glb78
476,170,98,glb78
278,211,772,glb78
0,0,0,glb78
0,0,0,glb78
0,0,0,glb78
10,0,0,glb78
109,301,0,glb78
1169,464,0,glb78
617,313,0,glb78
465,595,0,glb78
410,853,0,glb78
576,584,0,glb78
755,889,0,glb78
863,743,0,glb78
705,610,0,glb78
98,476,0,glb78
772,278,0,glb78
